# Frame list with one line of data per frame:
#   FRAME_ID, RIG_ID, RIG_FROM_WORLD[QW, QX, QY, QZ, TX, TY, TZ], NUM_DATA_IDS, DATA_IDS[] as (SENSOR_TYPE, SENSOR_ID, DATA_ID)
# Number of frames: 27
9 1 0.47302699905074719 0.24017279982966058 -0.82114826682947961 -0.2104234023913884 -1744664.6621073147 5826986.3418345824 1916329.8590702557 1 CAMERA 1 9
18 1 0.12353247551315705 0.30138416691716813 -0.93989742022927691 -0.1024702438349097 -2577323.0746404021 5832047.7599137481 120703.85398502483 1 CAMERA 1 18
35 1 0.46891608917529809 0.23766264224192674 -0.82529608099740637 -0.2062051126559486 -1744032.3106594323 5850764.6552573163 1843054.1876503348 1 CAMERA 1 35
40 1 0.47398964589563242 0.23668469956978924 -0.82201361698730468 -0.20882476400259714 -1717210.7654116831 5847116.7764649494 1879456.5222293336 1 CAMERA 1 40
45 1 0.74893191279721227 0.14021544455669088 -0.58297333641873961 -0.28210407321852288 79967.652204901024 5850268.5301357284 2537303.2794654057 1 CAMERA 1 45
46 1 0.46696016176078847 0.23654116253168286 -0.82717808282806593 -0.20438420938365984 -1743092.7561628753 5861112.864963186 1810781.1240522317 1 CAMERA 1 46
49 1 0.74794274523251103 0.14047606249972139 -0.58572284705506172 -0.27888505186965901 41774.98730542486 5862202.5449302653 2510533.97165582 1 CAMERA 1 49
52 1 0.75313757802437897 0.13871296751110018 -0.57744380815213081 -0.2830214649785458 111570.56565351406 5848416.7522014081 2540377.5179519681 1 CAMERA 1 52
54 1 0.91505706719599511 0.022813505233529398 -0.25487660739288287 -0.31174993625904396 1809758.2527071177 5861194.6616807142 1743879.8385993706 1 CAMERA 1 54
55 1 0.91662699554305205 0.019648816158187973 -0.24573559573178028 -0.31467903021276544 1876376.6172458392 5848614.7446094314 1715476.8597550304 1 CAMERA 1 55
58 1 0.24613990359441953 -0.31462570800700579 0.91651491546320085 -0.020645131462454495 -1870985.7628093578 5846885.049726529 -1727220.5481304077 1 CAMERA 1 58
64 1 0.11514304499967931 0.29711902568918669 -0.94276763885027492 -0.098242266354089045 -2517926.5054444727 5858983.6404626984 47974.045919149001 1 CAMERA 1 64
65 1 0.1238988295999869 0.29825737396764562 -0.94085196806551441 -0.10241676173813398 -2540025.1539563229 5848485.6152952565 115898.80658291266 1 CAMERA 1 65
67 1 0.91513456359651435 0.022164156553603168 -0.25204434902789041 -0.31386482249272768 1843306.6380350972 5850964.3222482959 1743095.478898186 1 CAMERA 1 67
69 1 0.11787737179043548 0.29881640585551877 -0.94177081367109661 -0.099405308352471827 -2541369.6044008052 5848639.7650552634 69266.829666239792 1 CAMERA 1 69
78 1 0.9408617656775613 -0.10225080879802687 0.12382091575627494 -0.29831575688777912 2540810.5180233382 5848186.5405798955 -113756.74133012519 1 CAMERA 1 78
81 1 0.24589984195007997 -0.31560346368407655 0.91626084982736078 -0.019843802891133622 -1886134.0988332694 5843919.2840669034 -1720770.1205428301 1 CAMERA 1 81
83 1 0.94267512809739684 -0.098383173347784833 0.11470833716290092 -0.29753378203810454 2522178.2270917175 5857140.1992561091 -49703.445606444788 1 CAMERA 1 83
94 1 0.25458701136406631 -0.31270056856219058 0.9148066520275463 -0.023078073397654945 -1820488.5086005202 5855994.2620842196 -1750170.6861928164 1 CAMERA 1 94
96 1 0.25170054034267098 -0.3143399202595043 0.91506026429995568 -0.022404580374364814 -1848674.0253031917 5847956.4835539106 -1747499.3062109146 1 CAMERA 1 96
97 1 0.94193645506819024 -0.099838360338136575 0.11696380988365179 -0.29850876636384499 2535843.5450037825 5850992.9971763045 -72960.169705042994 1 CAMERA 1 97
100 1 0.82164652638835878 -0.20897770831073967 0.47436137439382781 -0.23707928966135855 1720447.7662349867 5844550.8542342829 -1884470.495054485 1 CAMERA 1 100
107 1 0.8271772998442618 -0.20450005915459163 0.46663702267205642 -0.23708085013320604 1748186.995670021 5858434.3877111822 -1814533.9831136102 1 CAMERA 1 107
108 1 0.57752287041060801 -0.2846901311646502 0.75237494424333484 -0.13910717682774379 -124314.93321605102 5841271.3770968039 -2556176.5597292255 1 CAMERA 1 108
110 1 0.58247353301200933 -0.2816065277279256 0.74946124347590748 -0.14046419974169758 -74098.570372293107 5850569.720591967 -2536786.9306260925 1 CAMERA 1 110
111 1 0.58533404994004601 -0.27990241723855191 0.7478220033351195 -0.14071580626442773 -50291.766247391963 5857615.8956788993 -2521061.5707214153 1 CAMERA 1 111
115 1 0.82467264019380437 -0.2062493654190411 0.46979743750735231 -0.2380474815904349 1747855.0052655356 5848073.8346442347 -1847966.4040994586 1 CAMERA 1 115
